1 0 -9.81 0 0 
0.130633 -4.13001 -9.81 0.421 0 
0.00231809 -4.42431 -9.81 0.451 0 
0.00231809 3.73945 -9.81 0.451 1 
0.710961 -0.282652 -9.81 0.861 1 
0.413812 -2.43104 -9.81 1.08 1 
0.00371865 -3.73577 -9.81 1.213 1 
0.00371865 3.41362 -9.81 1.213 2 
0.596058 0.176318 -9.81 1.543 2 
0.56701 -0.775252 -9.81 1.64 2 
0.150208 -2.96288 -9.81 1.863 2 
0.000116973 -3.42395 -9.81 1.91 2 
0.000116973 3.08916 -9.81 1.91 3 
0.452796 0.813242 -9.81 2.142 3 
0.47319 -0.511108 -9.81 2.277 3 
0.00258072 -3.08133 -9.81 2.539 3 
0.00258072 2.66506 -9.81 2.539 4 
0.354507 -0.444708 -9.81 2.856 4 
0.000808616 -2.67158 -9.81 3.083 4 
0.000808616 2.48726 -9.81 3.083 5 
0.152834 -1.7899 -9.81 3.519 5 
0.00102512 -2.48641 -9.81 3.59 5 
0.00102512 2.33913 -9.81 3.59 6 
0.258245 0.651806 -9.81 3.762 6 
0.277644 0.210356 -9.81 3.807 6 
0.04987 -2.12442 -9.81 4.045 6 
0.000758657 -2.34024 -9.81 4.067 6 
0.000758657 2.14719 -9.81 4.067 7 
0.143847 1.34277 -9.81 4.149 7 
0.000235202 -2.14959 -9.81 4.505 7 
0.000235202 1.91967 -9.81 4.505 8 
0.0141161 -1.84737 -9.81 4.889 8 
0.000944117 -1.91604 -9.81 4.896 8 
0.000944117 1.73283 -9.81 4.896 9 
0.0355961 -1.52409 -9.81 5.228 9 
0.00142721 -1.7301 -9.81 5.249 9 
0.00142721 1.65908 -9.81 5.249 10 
0.000166866 -1.66651 -9.81 5.588 10 
0.000166866 1.60821 -9.81 5.588 11 
0.0885887 -0.92277 -9.81 5.846 11 
0.0200545 -1.48194 -9.81 5.903 11 
0.00156488 -1.59966 -9.81 5.915 11 
0.00156488 1.47973 -9.81 5.915 12 
0.0770236 0.842078 -9.81 5.98 12 
0.0903766 -0.668662 -9.81 6.134 12 
0.042343 -1.17878 -9.81 6.186 12 
0.00108705 -1.48289 -9.81 6.217 12 
0.00108705 1.38631 -9.81 6.217 13 
0.099033 0.0129138 -9.81 6.357 13 